Shotnumber,Mixture,Date,T5,p5,O2,N2,cyC6H12,AR,CO2,C2H6,C3H6,C7H16,C8H18,nC10H22,C7H8,CO,H2
1,Lem01,2008,665,8,20.672,77.023,2.542,0,0,0,0,0,0,0,0,0,0
2,Lem01,2008,681,8,20.672,77.023,2.542,0,0,0,0,0,0,0,0,0,0
3,Lem01,2008,691,8,20.672,77.023,2.542,0,0,0,0,0,0,0,0,0,0
4,Lem01,2008,705,8,20.672,77.023,2.542,0,0,0,0,0,0,0,0,0,0
5,Lem01,2008,722,8,20.672,77.023,2.542,0,0,0,0,0,0,0,0,0,0
6,Lem01,2008,730,8,20.672,77.023,2.542,0,0,0,0,0,0,0,0,0,0
7,Lem01,2008,741,8,20.672,77.023,2.542,0,0,0,0,0,0,0,0,0,0
8,Lem01,2008,766,8,20.672,77.023,2.542,0,0,0,0,0,0,0,0,0,0
9,Lem01,2008,774,8,20.672,77.023,2.542,0,0,0,0,0,0,0,0,0,0
10,Lem01,2008,790,8,20.672,77.023,2.542,0,0,0,0,0,0,0,0,0,0
11,Lem01,2008,799,8,20.672,77.023,2.542,0,0,0,0,0,0,0,0,0,0
12,Lem01,2008,819,8,20.672,77.023,2.542,0,0,0,0,0,0,0,0,0,0
13,Lem01,2008,840,8,20.672,77.023,2.542,0,0,0,0,0,0,0,0,0,0
14,Lem01,2008,860,8,20.672,77.023,2.542,0,0,0,0,0,0,0,0,0,0
15,Lem01,2008,874,8,20.672,77.023,2.542,0,0,0,0,0,0,0,0,0,0
16,Lem01,2008,880,8,20.672,77.023,2.542,0,0,0,0,0,0,0,0,0,0
17,Lem01,2008,669,14,20.672,77.023,2.542,0,0,0,0,0,0,0,0,0,0
18,Lem01,2008,669,14,20.672,77.023,2.542,0,0,0,0,0,0,0,0,0,0
19,Lem01,2008,688,14,20.672,77.023,2.542,0,0,0,0,0,0,0,0,0,0
20,Lem01,2008,690,14,20.672,77.023,2.542,0,0,0,0,0,0,0,0,0,0
21,Lem01,2008,692,14,20.672,77.023,2.542,0,0,0,0,0,0,0,0,0,0
22,Lem01,2008,708,14,20.672,77.023,2.542,0,0,0,0,0,0,0,0,0,0
23,Lem01,2008,732,14,20.672,77.023,2.542,0,0,0,0,0,0,0,0,0,0
24,Lem01,2008,760,14,20.672,77.023,2.542,0,0,0,0,0,0,0,0,0,0
25,Lem01,2008,776,14,20.672,77.023,2.542,0,0,0,0,0,0,0,0,0,0
26,Lem01,2008,780,14,20.672,77.023,2.542,0,0,0,0,0,0,0,0,0,0
27,Lem01,2008,795,14,20.672,77.023,2.542,0,0,0,0,0,0,0,0,0,0
28,Lem01,2008,799,14,20.672,77.023,2.542,0,0,0,0,0,0,0,0,0,0
29,Lem01,2008,801,14,20.672,77.023,2.542,0,0,0,0,0,0,0,0,0,0
30,Lem01,2008,825,14,20.672,77.023,2.542,0,0,0,0,0,0,0,0,0,0
31,Lem01,2008,849,14,20.672,77.023,2.542,0,0,0,0,0,0,0,0,0,0
32,Lem01,2008,861,14,20.672,77.023,2.542,0,0,0,0,0,0,0,0,0,0
33,Lem01,2008,862,14,20.672,77.023,2.542,0,0,0,0,0,0,0,0,0,0
34,Lem01,2008,874,14,20.672,77.023,2.542,0,0,0,0,0,0,0,0,0,0
35,Lem01,2008,876,14,20.672,77.023,2.542,0,0,0,0,0,0,0,0,0,0
36,Sirjean07,2008,1471,8,9,0,0.5,90.5,0,0,0,0,0,0,0,0,0
37,Sirjean07,2008,1493,8,9,0,0.5,90.5,0,0,0,0,0,0,0,0,0
38,Sirjean07,2008,1449,8,9,0,0.5,90.5,0,0,0,0,0,0,0,0,0
39,Sirjean07,2008,1429,8,9,0,0.5,90.5,0,0,0,0,0,0,0,0,0
40,Sirjean07,2008,1408,8,9,0,0.5,90.5,0,0,0,0,0,0,0,0,0
41,Sirjean07,2008,1399,8,9,0,0.5,90.5,0,0,0,0,0,0,0,0,0
42,Sirjean07,2008,1389,8,9,0,0.5,90.5,0,0,0,0,0,0,0,0,0
43,Sirjean07,2008,1370,8,9,0,0.5,90.5,0,0,0,0,0,0,0,0,0
44,Sirjean07,2008,1389,8,9,0,0.5,90.5,0,0,0,0,0,0,0,0,0
45,Sirjean07,2008,1351,8,9,0,0.5,90.5,0,0,0,0,0,0,0,0,0
46,Sirjean07,2008,1333,8,9,0,0.5,90.5,0,0,0,0,0,0,0,0,0
47,Sirjean07,2008,1316,8,9,0,0.5,90.5,0,0,0,0,0,0,0,0,0
48,Sirjean07,2008,1316,8,9,0,0.5,90.5,0,0,0,0,0,0,0,0,0
49,Sirjean07,2008,1282,8,9,0,0.5,90.5,0,0,0,0,0,0,0,0,0
50,Sirjean07,2008,1212,8,9,0,0.5,90.5,0,0,0,0,0,0,0,0,0
51,Sirjean07,2008,1639,8,4.5,0,0.5,95,0,0,0,0,0,0,0,0,0
52,Sirjean07,2008,1575,8,4.5,0,0.5,95,0,0,0,0,0,0,0,0,0
53,Sirjean07,2008,1575,8,4.5,0,0.5,95,0,0,0,0,0,0,0,0,0
54,Sirjean07,2008,1481,8,4.5,0,0.5,95,0,0,0,0,0,0,0,0,0
55,Sirjean07,2008,1563,8,4.5,0,0.5,95,0,0,0,0,0,0,0,0,0
56,Sirjean07,2008,1429,8,4.5,0,0.5,95,0,0,0,0,0,0,0,0,0
57,Sirjean07,2008,1481,8,4.5,0,0.5,95,0,0,0,0,0,0,0,0,0
58,Sirjean07,2008,1460,8,4.5,0,0.5,95,0,0,0,0,0,0,0,0,0
59,Sirjean07,2008,1333,8,4.5,0,0.5,95,0,0,0,0,0,0,0,0,0
60,Sirjean07,2008,1471,8,4.5,0,0.5,95,0,0,0,0,0,0,0,0,0
61,Sirjean07,2008,1351,8,4.5,0,0.5,95,0,0,0,0,0,0,0,0,0
62,Sirjean07,2008,1370,8,4.5,0,0.5,95,0,0,0,0,0,0,0,0,0
63,Sirjean07,2008,1316,8,4.5,0,0.5,95,0,0,0,0,0,0,0,0,0
64,Sirjean07,2008,1325,8,4.5,0,0.5,95,0,0,0,0,0,0,0,0,0
65,Sirjean07,2008,1351,8,4.5,0,0.5,95,0,0,0,0,0,0,0,0,0
66,Sirjean07,2008,1285,8,4.5,0,0.5,95,0,0,0,0,0,0,0,0,0
67,Sirjean07,2008,1786,8,2.25,0,0.5,97.25,0,0,0,0,0,0,0,0,0
68,Sirjean07,2008,1739,8,2.25,0,0.5,97.25,0,0,0,0,0,0,0,0,0
69,Sirjean07,2008,1724,8,2.25,0,0.5,97.25,0,0,0,0,0,0,0,0,0
70,Sirjean07,2008,1695,8,2.25,0,0.5,97.25,0,0,0,0,0,0,0,0,0
71,Sirjean07,2008,1639,8,2.25,0,0.5,97.25,0,0,0,0,0,0,0,0,0
72,Sirjean07,2008,1613,8,2.25,0,0.5,97.25,0,0,0,0,0,0,0,0,0
73,Sirjean07,2008,1600,8,2.25,0,0.5,97.25,0,0,0,0,0,0,0,0,0
74,Sirjean07,2008,1587,8,2.25,0,0.5,97.25,0,0,0,0,0,0,0,0,0
75,Sirjean07,2008,1538,8,2.25,0,0.5,97.25,0,0,0,0,0,0,0,0,0
76,Sirjean07,2008,1526,8,2.25,0,0.5,97.25,0,0,0,0,0,0,0,0,0
77,Daley1,2008,964,14.7,20.53,77.19,2.281,0,0,0,0,0,0,0,0,0,0
78,Daley1,2008,994,14.9,20.53,77.19,2.281,0,0,0,0,0,0,0,0,0,0
79,Daley1,2008,1000,14.6,20.53,77.19,2.281,0,0,0,0,0,0,0,0,0,0
80,Daley1,2008,1018,13.8,20.53,77.19,2.281,0,0,0,0,0,0,0,0,0,0
81,Daley1,2008,1055,14.4,20.53,77.19,2.281,0,0,0,0,0,0,0,0,0,0
82,Daley1,2008,1055,15,20.53,77.19,2.281,0,0,0,0,0,0,0,0,0,0
83,Daley1,2008,1080,12.6,20.53,77.19,2.281,0,0,0,0,0,0,0,0,0,0
84,Daley1,2008,1107,12,20.53,77.19,2.281,0,0,0,0,0,0,0,0,0,0
85,Daley1,2008,1118,11.9,20.53,77.19,2.281,0,0,0,0,0,0,0,0,0,0
86,Daley1,2008,1122,12.7,20.53,77.19,2.281,0,0,0,0,0,0,0,0,0,0
87,Daley1,2008,1141,11.7,20.53,77.19,2.281,0,0,0,0,0,0,0,0,0,0
88,Daley1,2008,1166,13,20.53,77.19,2.281,0,0,0,0,0,0,0,0,0,0
89,Daley1,2008,847,58.8,20.53,77.19,2.281,0,0,0,0,0,0,0,0,0,0
90,Daley1,2008,876,55.7,20.53,77.19,2.281,0,0,0,0,0,0,0,0,0,0
91,Daley1,2008,878,55.4,20.53,77.19,2.281,0,0,0,0,0,0,0,0,0,0
92,Daley1,2008,881,55.8,20.53,77.19,2.281,0,0,0,0,0,0,0,0,0,0
93,Daley1,2008,891,58.9,20.53,77.19,2.281,0,0,0,0,0,0,0,0,0,0
94,Daley1,2008,892,61.2,20.53,77.19,2.281,0,0,0,0,0,0,0,0,0,0
95,Daley1,2008,895,56.4,20.53,77.19,2.281,0,0,0,0,0,0,0,0,0,0
96,Daley1,2008,895,53.8,20.53,77.19,2.281,0,0,0,0,0,0,0,0,0,0
97,Daley1,2008,898,56,20.53,77.19,2.281,0,0,0,0,0,0,0,0,0,0
98,Daley1,2008,906,55.7,20.53,77.19,2.281,0,0,0,0,0,0,0,0,0,0
99,Daley1,2008,918,55.3,20.53,77.19,2.281,0,0,0,0,0,0,0,0,0,0
100,Daley05,2008,989,13.2,20.77,78.08,1.154,0,0,0,0,0,0,0,0,0,0
101,Daley05,2008,1068,13,20.77,78.08,1.154,0,0,0,0,0,0,0,0,0,0
102,Daley05,2008,1123,13.1,20.77,78.08,1.154,0,0,0,0,0,0,0,0,0,0
103,Daley05,2008,1160,12.4,20.77,78.08,1.154,0,0,0,0,0,0,0,0,0,0
104,Daley05,2008,1224,12.1,20.77,78.08,1.154,0,0,0,0,0,0,0,0,0,0
105,Daley05,2008,1262,11.1,20.77,78.08,1.154,0,0,0,0,0,0,0,0,0,0
106,Daley05,2008,943,51.5,20.77,78.08,1.154,0,0,0,0,0,0,0,0,0,0
107,Daley05,2008,961,49.7,20.77,78.08,1.154,0,0,0,0,0,0,0,0,0,0
108,Daley05,2008,973,53.2,20.77,78.08,1.154,0,0,0,0,0,0,0,0,0,0
109,Daley05,2008,979,45.2,20.77,78.08,1.154,0,0,0,0,0,0,0,0,0,0
110,Daley05,2008,982,52.1,20.77,78.08,1.154,0,0,0,0,0,0,0,0,0,0
111,Daley05,2008,1012,44.4,20.77,78.08,1.154,0,0,0,0,0,0,0,0,0,0
112,Daley05,2008,1055,47,20.77,78.08,1.154,0,0,0,0,0,0,0,0,0,0
113,Daley05,2008,1058,48.5,20.77,78.08,1.154,0,0,0,0,0,0,0,0,0,0
114,Daley05,2008,1078,42.6,20.77,78.08,1.154,0,0,0,0,0,0,0,0,0,0
115,Daley05,2008,1094,49.5,20.77,78.08,1.154,0,0,0,0,0,0,0,0,0,0
116,Daley05,2008,1124,46.5,20.77,78.08,1.154,0,0,0,0,0,0,0,0,0,0
117,Daley05,2008,1131,44.1,20.77,78.08,1.154,0,0,0,0,0,0,0,0,0,0
118,Daley05,2008,1142,46.6,20.77,78.08,1.154,0,0,0,0,0,0,0,0,0,0
119,Daley025,2008,1053,13.5,20.89,78.53,0.5802,0,0,0,0,0,0,0,0,0,0
120,Daley025,2008,1066,13.4,20.89,78.53,0.5802,0,0,0,0,0,0,0,0,0,0
121,Daley025,2008,1107,13.1,20.89,78.53,0.5802,0,0,0,0,0,0,0,0,0,0
122,Daley025,2008,1132,11,20.89,78.53,0.5802,0,0,0,0,0,0,0,0,0,0
123,Daley025,2008,1159,11.4,20.89,78.53,0.5802,0,0,0,0,0,0,0,0,0,0
124,Daley025,2008,1175,11.6,20.89,78.53,0.5802,0,0,0,0,0,0,0,0,0,0
125,Daley025,2008,1189,11.5,20.89,78.53,0.5802,0,0,0,0,0,0,0,0,0,0
126,Daley025,2008,1202,11.5,20.89,78.53,0.5802,0,0,0,0,0,0,0,0,0,0
127,Daley025,2008,1248,11.7,20.89,78.53,0.5802,0,0,0,0,0,0,0,0,0,0
128,Daley025,2008,1270,12,20.89,78.53,0.5802,0,0,0,0,0,0,0,0,0,0
129,Daley025,2008,977,48.1,20.89,78.53,0.5802,0,0,0,0,0,0,0,0,0,0
130,Daley025,2008,1000,46.4,20.89,78.53,0.5802,0,0,0,0,0,0,0,0,0,0
131,Daley025,2008,1056,47.3,20.89,78.53,0.5802,0,0,0,0,0,0,0,0,0,0
132,Daley025,2008,1092,40.7,20.89,78.53,0.5802,0,0,0,0,0,0,0,0,0,0
133,Daley025,2008,1107,47.3,20.89,78.53,0.5802,0,0,0,0,0,0,0,0,0,0
134,Daley025,2008,1176,45.3,20.89,78.53,0.5802,0,0,0,0,0,0,0,0,0,0
135,Daley025,2008,1182,46.4,20.89,78.53,0.5802,0,0,0,0,0,0,0,0,0,0
136,Daley025,2008,1264,51.3,20.89,78.53,0.5802,0,0,0,0,0,0,0,0,0,0
